+-------------------------------------------------------------------------------------------------------------------------------------------------------------------------------------------------------------------------------------------------+
; Legal Partition Candidates                                                                                                                                                                                                                      ;
+--------------------------------------------+-------+----------------+--------------+----------------+--------+-----------------+---------------+-----------------+-------+----------------+--------------+------------------+-------------------+
; Hierarchy                                  ; Input ; Constant Input ; Unused Input ; Floating Input ; Output ; Constant Output ; Unused Output ; Floating Output ; Bidir ; Constant Bidir ; Unused Bidir ; Input only Bidir ; Output only Bidir ;
+--------------------------------------------+-------+----------------+--------------+----------------+--------+-----------------+---------------+-----------------+-------+----------------+--------------+------------------+-------------------+
; generate_block_identifier[15].result       ; 5     ; 3              ; 0            ; 3              ; 9      ; 3               ; 3             ; 3               ; 0     ; 0              ; 0            ; 0                ; 0                 ;
; generate_block_identifier[15].keyBus       ; 5     ; 2              ; 0            ; 2              ; 9      ; 2               ; 2             ; 2               ; 0     ; 0              ; 0            ; 0                ; 0                 ;
; generate_block_identifier[15].dataBus      ; 5     ; 2              ; 0            ; 2              ; 9      ; 2               ; 2             ; 2               ; 0     ; 0              ; 0            ; 0                ; 0                 ;
; generate_block_identifier[14].result       ; 5     ; 3              ; 0            ; 3              ; 9      ; 3               ; 3             ; 3               ; 0     ; 0              ; 0            ; 0                ; 0                 ;
; generate_block_identifier[14].keyBus       ; 5     ; 2              ; 0            ; 2              ; 9      ; 2               ; 2             ; 2               ; 0     ; 0              ; 0            ; 0                ; 0                 ;
; generate_block_identifier[14].dataBus      ; 5     ; 2              ; 0            ; 2              ; 9      ; 2               ; 2             ; 2               ; 0     ; 0              ; 0            ; 0                ; 0                 ;
; generate_block_identifier[13].result       ; 5     ; 3              ; 0            ; 3              ; 9      ; 3               ; 3             ; 3               ; 0     ; 0              ; 0            ; 0                ; 0                 ;
; generate_block_identifier[13].keyBus       ; 5     ; 2              ; 0            ; 2              ; 9      ; 2               ; 2             ; 2               ; 0     ; 0              ; 0            ; 0                ; 0                 ;
; generate_block_identifier[13].dataBus      ; 5     ; 2              ; 0            ; 2              ; 9      ; 2               ; 2             ; 2               ; 0     ; 0              ; 0            ; 0                ; 0                 ;
; generate_block_identifier[12].result       ; 5     ; 3              ; 0            ; 3              ; 9      ; 3               ; 3             ; 3               ; 0     ; 0              ; 0            ; 0                ; 0                 ;
; generate_block_identifier[12].keyBus       ; 5     ; 2              ; 0            ; 2              ; 9      ; 2               ; 2             ; 2               ; 0     ; 0              ; 0            ; 0                ; 0                 ;
; generate_block_identifier[12].dataBus      ; 5     ; 2              ; 0            ; 2              ; 9      ; 2               ; 2             ; 2               ; 0     ; 0              ; 0            ; 0                ; 0                 ;
; generate_block_identifier[11].result       ; 5     ; 3              ; 0            ; 3              ; 9      ; 3               ; 3             ; 3               ; 0     ; 0              ; 0            ; 0                ; 0                 ;
; generate_block_identifier[11].keyBus       ; 5     ; 2              ; 0            ; 2              ; 9      ; 2               ; 2             ; 2               ; 0     ; 0              ; 0            ; 0                ; 0                 ;
; generate_block_identifier[11].dataBus      ; 5     ; 2              ; 0            ; 2              ; 9      ; 2               ; 2             ; 2               ; 0     ; 0              ; 0            ; 0                ; 0                 ;
; generate_block_identifier[10].result       ; 5     ; 3              ; 0            ; 3              ; 9      ; 3               ; 3             ; 3               ; 0     ; 0              ; 0            ; 0                ; 0                 ;
; generate_block_identifier[10].keyBus       ; 5     ; 2              ; 0            ; 2              ; 9      ; 2               ; 2             ; 2               ; 0     ; 0              ; 0            ; 0                ; 0                 ;
; generate_block_identifier[10].dataBus      ; 5     ; 2              ; 0            ; 2              ; 9      ; 2               ; 2             ; 2               ; 0     ; 0              ; 0            ; 0                ; 0                 ;
; generate_block_identifier[9].result        ; 5     ; 3              ; 0            ; 3              ; 9      ; 3               ; 3             ; 3               ; 0     ; 0              ; 0            ; 0                ; 0                 ;
; generate_block_identifier[9].keyBus        ; 5     ; 2              ; 0            ; 2              ; 9      ; 2               ; 2             ; 2               ; 0     ; 0              ; 0            ; 0                ; 0                 ;
; generate_block_identifier[9].dataBus       ; 5     ; 2              ; 0            ; 2              ; 9      ; 2               ; 2             ; 2               ; 0     ; 0              ; 0            ; 0                ; 0                 ;
; generate_block_identifier[8].result        ; 5     ; 3              ; 0            ; 3              ; 9      ; 3               ; 3             ; 3               ; 0     ; 0              ; 0            ; 0                ; 0                 ;
; generate_block_identifier[8].keyBus        ; 5     ; 2              ; 0            ; 2              ; 9      ; 2               ; 2             ; 2               ; 0     ; 0              ; 0            ; 0                ; 0                 ;
; generate_block_identifier[8].dataBus       ; 5     ; 2              ; 0            ; 2              ; 9      ; 2               ; 2             ; 2               ; 0     ; 0              ; 0            ; 0                ; 0                 ;
; generate_block_identifier[7].result        ; 5     ; 3              ; 0            ; 3              ; 9      ; 3               ; 3             ; 3               ; 0     ; 0              ; 0            ; 0                ; 0                 ;
; generate_block_identifier[7].keyBus        ; 5     ; 2              ; 0            ; 2              ; 9      ; 2               ; 2             ; 2               ; 0     ; 0              ; 0            ; 0                ; 0                 ;
; generate_block_identifier[7].dataBus       ; 5     ; 2              ; 0            ; 2              ; 9      ; 2               ; 2             ; 2               ; 0     ; 0              ; 0            ; 0                ; 0                 ;
; generate_block_identifier[6].result        ; 5     ; 3              ; 0            ; 3              ; 9      ; 3               ; 3             ; 3               ; 0     ; 0              ; 0            ; 0                ; 0                 ;
; generate_block_identifier[6].keyBus        ; 5     ; 2              ; 0            ; 2              ; 9      ; 2               ; 2             ; 2               ; 0     ; 0              ; 0            ; 0                ; 0                 ;
; generate_block_identifier[6].dataBus       ; 5     ; 2              ; 0            ; 2              ; 9      ; 2               ; 2             ; 2               ; 0     ; 0              ; 0            ; 0                ; 0                 ;
; generate_block_identifier[5].result        ; 5     ; 3              ; 0            ; 3              ; 9      ; 3               ; 3             ; 3               ; 0     ; 0              ; 0            ; 0                ; 0                 ;
; generate_block_identifier[5].keyBus        ; 5     ; 2              ; 0            ; 2              ; 9      ; 2               ; 2             ; 2               ; 0     ; 0              ; 0            ; 0                ; 0                 ;
; generate_block_identifier[5].dataBus       ; 5     ; 2              ; 0            ; 2              ; 9      ; 2               ; 2             ; 2               ; 0     ; 0              ; 0            ; 0                ; 0                 ;
; generate_block_identifier[4].result        ; 5     ; 3              ; 0            ; 3              ; 9      ; 3               ; 3             ; 3               ; 0     ; 0              ; 0            ; 0                ; 0                 ;
; generate_block_identifier[4].keyBus        ; 5     ; 2              ; 0            ; 2              ; 9      ; 2               ; 2             ; 2               ; 0     ; 0              ; 0            ; 0                ; 0                 ;
; generate_block_identifier[4].dataBus       ; 5     ; 2              ; 0            ; 2              ; 9      ; 2               ; 2             ; 2               ; 0     ; 0              ; 0            ; 0                ; 0                 ;
; generate_block_identifier[3].result        ; 5     ; 3              ; 0            ; 3              ; 9      ; 3               ; 3             ; 3               ; 0     ; 0              ; 0            ; 0                ; 0                 ;
; generate_block_identifier[3].keyBus        ; 5     ; 2              ; 0            ; 2              ; 9      ; 2               ; 2             ; 2               ; 0     ; 0              ; 0            ; 0                ; 0                 ;
; generate_block_identifier[3].dataBus       ; 5     ; 2              ; 0            ; 2              ; 9      ; 2               ; 2             ; 2               ; 0     ; 0              ; 0            ; 0                ; 0                 ;
; generate_block_identifier[2].result        ; 5     ; 3              ; 0            ; 3              ; 9      ; 3               ; 3             ; 3               ; 0     ; 0              ; 0            ; 0                ; 0                 ;
; generate_block_identifier[2].keyBus        ; 5     ; 2              ; 0            ; 2              ; 9      ; 2               ; 2             ; 2               ; 0     ; 0              ; 0            ; 0                ; 0                 ;
; generate_block_identifier[2].dataBus       ; 5     ; 2              ; 0            ; 2              ; 9      ; 2               ; 2             ; 2               ; 0     ; 0              ; 0            ; 0                ; 0                 ;
; generate_block_identifier[1].result        ; 5     ; 3              ; 0            ; 3              ; 9      ; 3               ; 3             ; 3               ; 0     ; 0              ; 0            ; 0                ; 0                 ;
; generate_block_identifier[1].keyBus        ; 5     ; 2              ; 0            ; 2              ; 9      ; 2               ; 2             ; 2               ; 0     ; 0              ; 0            ; 0                ; 0                 ;
; generate_block_identifier[1].dataBus       ; 5     ; 2              ; 0            ; 2              ; 9      ; 2               ; 2             ; 2               ; 0     ; 0              ; 0            ; 0                ; 0                 ;
; generate_block_identifier[0].result        ; 5     ; 3              ; 0            ; 3              ; 9      ; 3               ; 3             ; 3               ; 0     ; 0              ; 0            ; 0                ; 0                 ;
; generate_block_identifier[0].keyBus        ; 5     ; 2              ; 0            ; 2              ; 9      ; 2               ; 2             ; 2               ; 0     ; 0              ; 0            ; 0                ; 0                 ;
; generate_block_identifier[0].dataBus       ; 5     ; 2              ; 0            ; 2              ; 9      ; 2               ; 2             ; 2               ; 0     ; 0              ; 0            ; 0                ; 0                 ;
; u1|u0                                      ; 12    ; 1              ; 0            ; 1              ; 12     ; 1               ; 1             ; 1               ; 0     ; 0              ; 0            ; 0                ; 0                 ;
; u1                                         ; 290   ; 0              ; 0            ; 0              ; 11     ; 0               ; 0             ; 0               ; 0     ; 0              ; 0            ; 0                ; 0                 ;
; d|fun16                                    ; 80    ; 0              ; 0            ; 0              ; 32     ; 0               ; 0             ; 0               ; 0     ; 0              ; 0            ; 0                ; 0                 ;
; d|fun15                                    ; 80    ; 0              ; 0            ; 0              ; 32     ; 0               ; 0             ; 0               ; 0     ; 0              ; 0            ; 0                ; 0                 ;
; d|fun14                                    ; 80    ; 0              ; 0            ; 0              ; 32     ; 0               ; 0             ; 0               ; 0     ; 0              ; 0            ; 0                ; 0                 ;
; d|fun13                                    ; 80    ; 0              ; 0            ; 0              ; 32     ; 0               ; 0             ; 0               ; 0     ; 0              ; 0            ; 0                ; 0                 ;
; d|fun12                                    ; 80    ; 0              ; 0            ; 0              ; 32     ; 0               ; 0             ; 0               ; 0     ; 0              ; 0            ; 0                ; 0                 ;
; d|fun11                                    ; 80    ; 0              ; 0            ; 0              ; 32     ; 0               ; 0             ; 0               ; 0     ; 0              ; 0            ; 0                ; 0                 ;
; d|fun10                                    ; 80    ; 0              ; 0            ; 0              ; 32     ; 0               ; 0             ; 0               ; 0     ; 0              ; 0            ; 0                ; 0                 ;
; d|fun9                                     ; 80    ; 0              ; 0            ; 0              ; 32     ; 0               ; 0             ; 0               ; 0     ; 0              ; 0            ; 0                ; 0                 ;
; d|fun8                                     ; 80    ; 0              ; 0            ; 0              ; 32     ; 0               ; 0             ; 0               ; 0     ; 0              ; 0            ; 0                ; 0                 ;
; d|fun7                                     ; 80    ; 0              ; 0            ; 0              ; 32     ; 0               ; 0             ; 0               ; 0     ; 0              ; 0            ; 0                ; 0                 ;
; d|fun6                                     ; 80    ; 0              ; 0            ; 0              ; 32     ; 0               ; 0             ; 0               ; 0     ; 0              ; 0            ; 0                ; 0                 ;
; d|fun5                                     ; 80    ; 0              ; 0            ; 0              ; 32     ; 0               ; 0             ; 0               ; 0     ; 0              ; 0            ; 0                ; 0                 ;
; d|fun4                                     ; 80    ; 0              ; 0            ; 0              ; 32     ; 0               ; 0             ; 0               ; 0     ; 0              ; 0            ; 0                ; 0                 ;
; d|fun3                                     ; 80    ; 0              ; 0            ; 0              ; 32     ; 0               ; 0             ; 0               ; 0     ; 0              ; 0            ; 0                ; 0                 ;
; d|fun2                                     ; 80    ; 0              ; 0            ; 0              ; 32     ; 0               ; 0             ; 0               ; 0     ; 0              ; 0            ; 0                ; 0                 ;
; d|fun1                                     ; 80    ; 0              ; 0            ; 0              ; 32     ; 0               ; 0             ; 0               ; 0     ; 0              ; 0            ; 0                ; 0                 ;
; d|sk|S_D15                                 ; 28    ; 0              ; 0            ; 0              ; 28     ; 0               ; 0             ; 0               ; 0     ; 0              ; 0            ; 0                ; 0                 ;
; d|sk|S_D14                                 ; 28    ; 0              ; 0            ; 0              ; 28     ; 0               ; 0             ; 0               ; 0     ; 0              ; 0            ; 0                ; 0                 ;
; d|sk|S_D13                                 ; 28    ; 0              ; 0            ; 0              ; 28     ; 0               ; 0             ; 0               ; 0     ; 0              ; 0            ; 0                ; 0                 ;
; d|sk|S_D12                                 ; 28    ; 0              ; 0            ; 0              ; 28     ; 0               ; 0             ; 0               ; 0     ; 0              ; 0            ; 0                ; 0                 ;
; d|sk|S_D11                                 ; 28    ; 0              ; 0            ; 0              ; 28     ; 0               ; 0             ; 0               ; 0     ; 0              ; 0            ; 0                ; 0                 ;
; d|sk|S_D10                                 ; 28    ; 0              ; 0            ; 0              ; 28     ; 0               ; 0             ; 0               ; 0     ; 0              ; 0            ; 0                ; 0                 ;
; d|sk|S_D9                                  ; 28    ; 0              ; 0            ; 0              ; 28     ; 0               ; 0             ; 0               ; 0     ; 0              ; 0            ; 0                ; 0                 ;
; d|sk|S_D8                                  ; 28    ; 0              ; 0            ; 0              ; 28     ; 0               ; 0             ; 0               ; 0     ; 0              ; 0            ; 0                ; 0                 ;
; d|sk|S_D7                                  ; 28    ; 0              ; 0            ; 0              ; 28     ; 0               ; 0             ; 0               ; 0     ; 0              ; 0            ; 0                ; 0                 ;
; d|sk|S_D6                                  ; 28    ; 0              ; 0            ; 0              ; 28     ; 0               ; 0             ; 0               ; 0     ; 0              ; 0            ; 0                ; 0                 ;
; d|sk|S_D5                                  ; 28    ; 0              ; 0            ; 0              ; 28     ; 0               ; 0             ; 0               ; 0     ; 0              ; 0            ; 0                ; 0                 ;
; d|sk|S_D4                                  ; 28    ; 0              ; 0            ; 0              ; 28     ; 0               ; 0             ; 0               ; 0     ; 0              ; 0            ; 0                ; 0                 ;
; d|sk|S_D3                                  ; 28    ; 0              ; 0            ; 0              ; 28     ; 0               ; 0             ; 0               ; 0     ; 0              ; 0            ; 0                ; 0                 ;
; d|sk|S_D2                                  ; 28    ; 0              ; 0            ; 0              ; 28     ; 0               ; 0             ; 0               ; 0     ; 0              ; 0            ; 0                ; 0                 ;
; d|sk|S_D1                                  ; 28    ; 0              ; 0            ; 0              ; 28     ; 0               ; 0             ; 0               ; 0     ; 0              ; 0            ; 0                ; 0                 ;
; d|sk|S_D0                                  ; 28    ; 0              ; 0            ; 0              ; 28     ; 0               ; 0             ; 0               ; 0     ; 0              ; 0            ; 0                ; 0                 ;
; d|sk|S_C15                                 ; 28    ; 0              ; 0            ; 0              ; 28     ; 0               ; 0             ; 0               ; 0     ; 0              ; 0            ; 0                ; 0                 ;
; d|sk|S_C14                                 ; 28    ; 0              ; 0            ; 0              ; 28     ; 0               ; 0             ; 0               ; 0     ; 0              ; 0            ; 0                ; 0                 ;
; d|sk|S_C13                                 ; 28    ; 0              ; 0            ; 0              ; 28     ; 0               ; 0             ; 0               ; 0     ; 0              ; 0            ; 0                ; 0                 ;
; d|sk|S_C12                                 ; 28    ; 0              ; 0            ; 0              ; 28     ; 0               ; 0             ; 0               ; 0     ; 0              ; 0            ; 0                ; 0                 ;
; d|sk|S_C11                                 ; 28    ; 0              ; 0            ; 0              ; 28     ; 0               ; 0             ; 0               ; 0     ; 0              ; 0            ; 0                ; 0                 ;
; d|sk|S_C10                                 ; 28    ; 0              ; 0            ; 0              ; 28     ; 0               ; 0             ; 0               ; 0     ; 0              ; 0            ; 0                ; 0                 ;
; d|sk|S_C9                                  ; 28    ; 0              ; 0            ; 0              ; 28     ; 0               ; 0             ; 0               ; 0     ; 0              ; 0            ; 0                ; 0                 ;
; d|sk|S_C8                                  ; 28    ; 0              ; 0            ; 0              ; 28     ; 0               ; 0             ; 0               ; 0     ; 0              ; 0            ; 0                ; 0                 ;
; d|sk|S_C7                                  ; 28    ; 0              ; 0            ; 0              ; 28     ; 0               ; 0             ; 0               ; 0     ; 0              ; 0            ; 0                ; 0                 ;
; d|sk|S_C6                                  ; 28    ; 0              ; 0            ; 0              ; 28     ; 0               ; 0             ; 0               ; 0     ; 0              ; 0            ; 0                ; 0                 ;
; d|sk|S_C5                                  ; 28    ; 0              ; 0            ; 0              ; 28     ; 0               ; 0             ; 0               ; 0     ; 0              ; 0            ; 0                ; 0                 ;
; d|sk|S_C4                                  ; 28    ; 0              ; 0            ; 0              ; 28     ; 0               ; 0             ; 0               ; 0     ; 0              ; 0            ; 0                ; 0                 ;
; d|sk|S_C3                                  ; 28    ; 0              ; 0            ; 0              ; 28     ; 0               ; 0             ; 0               ; 0     ; 0              ; 0            ; 0                ; 0                 ;
; d|sk|S_C2                                  ; 28    ; 0              ; 0            ; 0              ; 28     ; 0               ; 0             ; 0               ; 0     ; 0              ; 0            ; 0                ; 0                 ;
; d|sk|S_C1                                  ; 28    ; 0              ; 0            ; 0              ; 28     ; 0               ; 0             ; 0               ; 0     ; 0              ; 0            ; 0                ; 0                 ;
; d|sk|S_C0                                  ; 28    ; 0              ; 0            ; 0              ; 28     ; 0               ; 0             ; 0               ; 0     ; 0              ; 0            ; 0                ; 0                 ;
; d|sk                                       ; 64    ; 0              ; 8            ; 0              ; 768    ; 0               ; 0             ; 0               ; 0     ; 0              ; 0            ; 0                ; 0                 ;
; d                                          ; 129   ; 0              ; 0            ; 0              ; 64     ; 0               ; 0             ; 0               ; 0     ; 0              ; 0            ; 0                ; 0                 ;
; dataIn|keyInput|innerMouse|PS2_Command_Out ; 13    ; 0              ; 0            ; 0              ; 2      ; 0               ; 0             ; 0               ; 2     ; 0              ; 0            ; 0                ; 0                 ;
; dataIn|keyInput|innerMouse|PS2_Data_In     ; 7     ; 7              ; 1            ; 7              ; 16     ; 7               ; 7             ; 7               ; 0     ; 0              ; 0            ; 0                ; 0                 ;
; dataIn|keyInput|innerMouse                 ; 2     ; 1              ; 0            ; 1              ; 9      ; 1               ; 1             ; 1               ; 2     ; 0              ; 0            ; 0                ; 0                 ;
; dataIn|keyInput                            ; 1     ; 0              ; 0            ; 0              ; 19     ; 0               ; 0             ; 0               ; 2     ; 0              ; 0            ; 0                ; 0                 ;
; dataIn                                     ; 4     ; 0              ; 0            ; 0              ; 140    ; 0               ; 0             ; 0               ; 0     ; 0              ; 0            ; 0                ; 0                 ;
+--------------------------------------------+-------+----------------+--------------+----------------+--------+-----------------+---------------+-----------------+-------+----------------+--------------+------------------+-------------------+
